 Vec    True    Pred  Class  SBP
----------------------------------------------------------------------
   0   PG-LF   SG-HF      3  [39, 26, 44, 38, 34, 33, 34, 31]
   1   PG-LF   SG-HF      3  [41, 26, 39, 39, 36, 32, 32, 34]
   2   PG-LF   SG-HF      3  [34, 24, 36, 33, 39, 32, 33, 36]
   3   PG-LF   SG-HF      3  [35, 25, 34, 36, 35, 32, 31, 33]
   4   PG-LF   SG-LF      2  [49, 29, 66, 53, 59, 43, 45, 44]
   5   PG-LF   SG-LF      2  [52, 32, 55, 47, 60, 45, 48, 34]
   6   PG-LF   SG-HF      3  [37, 24, 37, 37, 33, 31, 33, 31]
   7   PG-LF   PG-LF      0  [34, 24, 34, 38, 37, 32, 31, 33]
   8   PG-LF   SG-HF      3  [38, 26, 36, 36, 35, 31, 34, 33]
   9   PG-LF   PG-LF      0  [32, 24, 38, 35, 38, 30, 32, 40]
  10   PG-HF   SG-HF      3  [38, 32, 50, 40, 42, 39, 39, 37]
  11   PG-HF   PG-HF      1  [46, 37, 61, 50, 49, 43, 42, 45]
  12   PG-HF   PG-HF      1  [42, 36, 54, 47, 56, 41, 44, 47]
  13   PG-HF   SG-LF      2  [50, 39, 59, 48, 50, 40, 43, 41]
  14   PG-HF   SG-LF      2  [42, 35, 52, 44, 51, 40, 38, 39]
  15   PG-HF   PG-HF      1  [45, 37, 55, 53, 50, 43, 38, 40]
  16   PG-HF   SG-LF      2  [44, 35, 53, 46, 48, 42, 39, 38]
  17   PG-HF   SG-LF      2  [52, 33, 57, 47, 51, 40, 44, 40]
  18   PG-HF   SG-HF      3  [43, 31, 49, 40, 41, 36, 36, 39]
  19   PG-HF   PG-HF      1  [43, 32, 49, 43, 44, 38, 41, 38]
  20   SG-LF   SG-LF      2  [48, 34, 60, 49, 47, 42, 43, 39]
  21   SG-LF   SG-LF      2  [46, 35, 56, 50, 53, 48, 42, 40]
  22   SG-LF   PG-HF      1  [45, 38, 60, 52, 51, 41, 48, 44]
  23   SG-LF   SG-LF      2  [48, 33, 61, 49, 49, 39, 40, 39]
  24   SG-LF   PG-HF      1  [51, 41, 59, 55, 49, 47, 43, 43]
  25   SG-LF   SG-LF      2  [44, 33, 56, 47, 47, 38, 39, 36]
  26   SG-LF   SG-LF      2  [46, 32, 52, 44, 48, 38, 39, 39]
  27   SG-LF   SG-LF      2  [42, 35, 52, 49, 49, 43, 44, 37]
  28   SG-LF   SG-LF      2  [49, 30, 54, 41, 46, 43, 42, 38]
  29   SG-LF   PG-HF      1  [42, 35, 49, 44, 48, 37, 37, 40]
  30   SG-HF   SG-HF      3  [38, 24, 40, 35, 37, 34, 35, 34]
  31   SG-HF   SG-HF      3  [41, 26, 39, 36, 38, 32, 32, 31]
  32   SG-HF   PG-LF      0  [42, 25, 44, 42, 35, 41, 35, 34]
  33   SG-HF   SG-HF      3  [38, 26, 41, 38, 35, 29, 31, 32]
  34   SG-HF   PG-LF      0  [39, 25, 40, 41, 32, 37, 31, 33]
  35   SG-HF   SG-HF      3  [45, 26, 51, 45, 48, 35, 39, 33]
  36   SG-HF   SG-HF      3  [41, 24, 38, 37, 36, 34, 32, 33]
  37   SG-HF   SG-HF      3  [39, 27, 46, 41, 47, 34, 32, 31]
  38   SG-HF   SG-HF      3  [36, 24, 37, 35, 38, 34, 32, 31]
  39   SG-HF   PG-LF      0  [36, 25, 41, 38, 32, 31, 30, 33]
